120
50
Landing Ln
2
1
3
4.75
221 361
204 402
194 438
2
9
4.75
194 438
186 456
184 458
181 462
178 465
174 467
160 472
152 474
138 480
Franklin Blvd
1
3
2
4.75
1 644
138 480
Easton Ave
13
4
2
4.75
1 411
138 480
5
2
4.75
138 480
261 542
6
2
4.75
261 542
275 549
7
2
4.75
275 549
285 556
8
2
4.75
285 556
301 563
9
2
4.75
301 563
311 568
10
5
4.75
311 568
312 570
317 572
320 574
323 575
11
4
4.75
323 575
329 578
334 581
338 582
12
4
4.75
338 582
340 583
343 585
351 588
13
5
4.75
351 588
353 590
357 592
362 595
365 596
14
2
4.75
365 596
388 608
15
2
4.75
388 608
420 625
16
2
4.75
420 625
444 646
Hamilton St
4
17
4
4.75
190 676
238 653
297 649
388 608
18
2
4.75
388 608
408 604
19
2
4.75
408 604
422 597
20
2
4.75
422 597
460 582
Albany St
5
21
4
4.75
400 676
420 664
419 660
444 646
22
7
4.75
444 646
445 645
452 643
457 642
462 641
467 640
472 639
23
2
4.75
472 639
531 630
24
2
4.75
531 630
583 621
25
5
4.75
583 621
615 617
656 612
682 607
717 590
Huntington St
4
26
2
4.75
261 542
289 522
27
2
4.75
289 522
315 501
28
2
4.75
315 501
337 484
29
2
4.75
337 484
354 471
Richardson St
3
30
2
4.75
275 549
300 529
31
2
4.75
300 529
324 512
32
2
4.75
324 512
346 494
Senior St
3
33
2
4.75
285 556
310 541
34
2
4.75
310 541
333 523
35
2
4.75
333 523
355 506
Ray St
2
36
2
4.75
301 563
318 550
37
2
4.75
318 550
341 534
Morrel St
3
38
2
4.75
311 568
325 559
39
2
4.75
325 559
346 543
40
2
4.75
346 543
354 538
Bartlett St
3
41
2
4.75
323 575
329 571
42
2
4.75
329 571
354 554
43
2
4.75
354 554
377 537
Stone St
2
44
2
4.75
338 582
359 565
45
2
4.75
359 565
385 546
Bishop Pl
1
46
2
4.75
385 546
421 517
Prosper St
1
47
9
4.75
351 588
351 587
352 584
355 581
357 578
359 576
362 572
364 571
359 565
Wyckoff St
7
48
2
4.75
283 512
289 522
49
2
4.75
289 522
300 529
50
2
4.75
300 529
310 541
51
2
4.75
310 541
318 550
52
2
4.75
318 550
325 559
53
6
4.75
325 559
325 561
327 564
329 566
330 567
329 571
54
5
4.75
329 571
334 571
336 574
338 577
338 582
Lafayette St
1
55
7
4.75
329 475
326 478
323 480
319 483
316 485
313 487
312 489
Sicard St
7
56
5
4.75
312 489
311 493
311 495
313 497
315 501
57
6
4.75
315 501
317 504
318 505
320 507
322 509
324 512
58
2
4.75
324 512
333 523
59
2
4.75
333 523
341 534
60
2
4.75
341 534
346 543
61
2
4.75
346 543
354 554
62
2
4.75
354 554
359 565
Mine St
2
63
7
4.75
365 596
366 595
368 592
368 590
369 587
370 585
372 581
64
10
4.75
372 581
373 580
373 576
374 574
376 571
377 569
380 567
386 562
388 560
392 557
Union St
1
65
3
4.75
372 581
393 591
408 604
Somerset St
2
66
2
4.75
420 625
437 618
67
2
4.75
437 618
464 611
College Ave
9
68
9
4.75
312 456
315 458
318 460
320 463
323 466
325 469
328 472
328 473
329 475
69
2
4.75
329 475
337 484
70
2
4.75
337 484
346 494
71
2
4.75
346 494
355 506
72
2
4.75
355 506
377 537
73
2
4.75
377 537
385 546
74
2
4.75
385 546
392 557
75
3
4.75
392 557
393 558
422 597
76
2
4.75
422 597
437 618
George St
6
77
17
4.75
194 438
217 439
221 439
226 440
231 441
239 444
246 445
252 445
260 447
266 447
275 447
283 449
289 451
293 452
300 453
306 454
312 456
78
3
4.75
354 471
387 494
421 517
79
4
4.75
421 517
434 524
442 538
460 582
80
2
4.75
460 582
464 611
81
2
4.75
464 611
472 639
82
2
4.75
472 639
478 674
River Rd
5
83
3
4.75
0 303
56 320
108 341
84
20
4.75
108 341
112 342
116 345
122 346
129 349
136 351
143 352
150 354
155 354
161 356
168 357
173 357
179 358
188 357
194 357
201 357
209 358
215 358
220 357
221 361
85
9
4.75
221 361
228 358
232 358
238 357
243 357
249 357
255 357
259 357
289 355
86
7
4.75
289 355
354 359
364 364
433 398
457 405
507 449
523 476
87
4
4.75
523 476
536 510
555 560
583 621
Route 18
26
88
2
7
541 675
531 630
89
5
7
531 630
521 593
515 582
504 574
431 512
90
5
7
431 512
429 514
426 516
424 517
421 517
91
4
7
431 512
394 477
365 460
331 453
92
8
7
331 453
331 458
335 463
339 467
343 468
348 468
354 472
354 471
93
12
7
331 453
287 442
274 430
269 417
263 396
265 357
268 356
268 349
266 354
266 352
267 346
269 341
95
5
7
269 341
270 336
272 330
276 321
277 318
96
2
7
286 340
289 355
97
3
7
286 340
283 328
277 318
98
5
7
269 341
276 339
279 338
283 338
286 340
99
3
7
277 318
295 292
313 275
100
2
7
313 275
337 256
101
17
7
308 254
314 255
317 256
320 259
322 262
331 271
331 274
333 275
335 278
339 280
343 283
348 282
353 281
355 278
357 275
359 267
356 261
103
6
7
337 256
343 251
344 249
347 247
352 243
355 240
104
6
7
337 256
344 260
346 259
349 260
351 260
356 261
105
7
7
356 261
355 258
355 253
355 250
355 247
354 243
355 240
106
15
7
355 240
355 239
359 236
362 231
364 227
373 214
376 210
378 206
381 201
382 195
383 192
385 182
387 171
388 162
387 161
107
6
7
387 161
386 155
385 151
385 148
385 145
384 138
108
6
7
387 161
392 158
392 155
394 152
397 146
398 144
109
6
7
384 138
376 124
369 115
364 106
356 98
342 87
110
2
7
398 144
410 117
111
2
7
384 138
398 144
112
2
7
342 87
310 74
113
15
7
310 74
301 72
296 70
291 69
285 66
279 63
272 61
263 57
245 57
237 57
212 59
200 59
185 57
180 55
176 52
114
4
7
176 52
156 38
144 27
133 2
185
2
7
342 87
378 102
Hoes Ln W
2
116
2
4.75
0 303
57 196
117
10
4.75
57 196
76 163
84 134
83 125
83 118
91 98
100 76
93 24
114 12
133 2
Sutphen Rd
2
122
7
4.75
108 341
117 331
128 325
142 316
158 311
180 307
206 303
123
6
4.75
206 303
228 300
249 292
256 290
260 285
260 274
Scarlet Knight Way
2
124
4
4.75
207 334
198 325
199 317
206 303
125
2
4.75
206 303
228 256
Campus Rd
4
126
3
4.75
228 256
244 266
260 274
127
13
4.75
260 274
262 274
267 273
270 272
273 270
277 266
282 263
283 261
289 258
293 255
298 254
303 254
308 254
128
6
4.75
308 254
306 258
309 262
310 266
311 270
313 275
130
6
4.75
308 254
318 253
322 253
326 251
331 251
337 256
Bartholomew Rd
5
131
6
4.75
228 256
262 226
282 209
290 195
296 180
298 164
132
5
4.75
298 164
294 154
283 146
279 141
269 127
153
7
4.75
269 127
272 125
273 124
275 122
277 119
279 117
281 116
154
2
4.75
281 116
293 111
155
5
4.75
281 116
281 115
280 112
280 109
279 106
Brett Rd
1
133
11
4.75
298 164
309 168
317 179
331 189
356 199
349 222
338 240
330 245
317 247
317 247
306 242
Frelinghuysen Rd
2
134
6
4.75
57 196
93 173
118 155
128 154
141 153
167 158
135
17
4.75
167 158
171 159
175 159
181 161
191 166
195 169
199 173
203 177
205 180
211 195
214 205
216 210
217 214
221 220
224 226
232 242
228 256
Allison Rd
1
136
5
4.75
167 158
184 140
190 137
195 129
204 113
Bevier Rd
3
137
3
4.75
155 85
175 100
204 113
138
2
4.75
204 113
214 117
139
7
4.75
214 117
218 118
220 119
222 120
224 121
228 122
231 124
Loop Rd
1
140
10
4.75
269 127
265 125
264 123
261 122
257 120
254 118
251 116
247 115
245 114
240 112
Taylor Rd
2
141
2
4.75
231 124
240 112
142
7
4.75
240 112
239 109
240 106
241 104
244 99
245 97
247 94
Titsworth Pl
1
143
2
4.75
214 117
228 86
Davidson Rd
10
184
2
7
378 102
410 117
144
2
4.75
155 85
176 52
145
3
4.75
176 52
202 73
228 86
146
2
4.75
228 86
247 94
147
2
4.75
247 94
279 106
148
2
4.75
279 106
293 111
149
3
4.75
293 111
313 116
322 115
150
4
4.75
322 115
320 101
312 83
310 74
151
13
4.75
322 115
333 113
337 112
340 111
344 110
348 110
352 109
355 108
360 108
368 105
370 104
373 104
378 102
152
4
4.75
322 115
335 128
355 135
373 141
Avenue E
3
156
5
4.75
410 117
426 122
444 129
462 135
482 142
157
3
4.75
482 142
501 150
515 158
158
4
4.75
515 158
549 182
583 207
609 227
Metlars Ln
1
159
5
4.75
410 117
434 85
461 44
487 3
513 2
Suttons Ln
4
160
2
4.75
513 2
559 30
161
2
4.75
559 30
592 52
162
5
4.75
592 52
614 65
636 79
650 92
664 104
163
2
4.75
664 104
699 137
Hospital Rd
1
164
2
4.75
482 142
559 30
Rockafeller Rd
2
165
2
4.75
515 158
558 108
166
2
4.75
558 108
592 52
Joyce Kilmer Ave
2
167
4
4.75
558 108
591 131
609 144
632 156
168
3
4.75
632 156
656 167
676 175
Rd 3
5
169
5
4.75
716 65
701 72
689 79
678 88
664 104
170
5
4.75
664 104
653 117
645 127
635 141
632 156
171
5
4.75
632 156
635 173
634 192
628 206
620 217
172
5
4.75
620 217
618 222
617 224
615 226
609 227
173
7
4.75
609 227
603 241
597 253
592 261
592 268
597 279
611 295
Rd 2
2
174
3
4.75
699 137
686 154
676 175
175
6
4.75
676 175
677 192
673 210
673 230
679 246
688 252
Kilmer Rd
1
176
4
4.75
717 231
703 239
694 245
688 252
Cedar Ln
3
177
6
4.75
688 252
687 279
685 291
678 301
664 306
645 317
178
15
4.75
645 317
642 322
641 325
639 329
638 334
638 337
638 341
639 345
639 350
640 353
640 358
640 362
640 367
637 374
635 378
179
7
4.75
635 378
616 402
601 421
596 427
576 441
554 455
523 476
Postal Plaza
1
180
3
4.75
620 217
638 243
656 266
Rd 702
2
181
4
4.75
656 266
640 276
627 285
611 295
182
7
4.75
611 295
597 315
586 330
588 342
609 362
620 370
635 378
St 1604
1
183
3
4.75
611 295
629 308
645 317
