29
12
Sutphen Rd
2
122
7
4.75
108 341
117 331
128 325
142 316
158 311
180 307
206 303
123
6
4.75
206 303
228 300
249 292
256 290
260 285
260 274
Scarlet Knight Way
2
124
4
4.75
207 334
198 325
199 317
206 303
125
2
4.75
206 303
228 256
Campus Rd
4
126
3
4.75
228 256
244 266
260 274
127
13
4.75
260 274
262 274
267 273
270 272
273 270
277 266
282 263
283 261
289 258
293 255
298 254
303 254
308 254
128
6
4.75
308 254
306 258
309 262
310 266
311 270
313 275
130
6
4.75
308 254
318 253
322 253
326 251
331 251
337 256
Bartholomew Rd
5
131
6
4.75
228 256
262 226
282 209
290 195
296 180
298 164
132
5
4.75
298 164
294 154
283 146
279 141
269 127
153
7
4.75
269 127
272 125
273 124
275 122
277 119
279 117
281 116
154
2
4.75
281 116
293 111
155
5
4.75
281 116
281 115
280 112
280 109
279 106
Brett Rd
1
133
11
4.75
298 164
309 168
317 179
331 189
356 199
349 222
338 240
330 245
317 247
317 247
306 242
Frelinghuysen Rd
2
134
6
4.75
57 196
93 173
118 155
128 154
141 153
167 158
135
17
4.75
167 158
171 159
175 159
181 161
191 166
195 169
199 173
203 177
205 180
211 195
214 205
216 210
217 214
221 220
224 226
232 242
228 256
Allison Rd
1
136
5
4.75
167 158
184 140
190 137
195 129
204 113
Bevier Rd
3
137
3
4.75
155 85
175 100
204 113
138
2
4.75
204 113
214 117
139
7
4.75
214 117
218 118
220 119
222 120
224 121
228 122
231 124
Loop Rd
1
140
10
4.75
269 127
265 125
264 123
261 122
257 120
254 118
251 116
247 115
245 114
240 112
Taylor Rd
2
141
2
4.75
231 124
240 112
142
7
4.75
240 112
239 109
240 106
241 104
244 99
245 97
247 94
Titsworth Pl
1
143
2
4.75
214 117
228 86
Davidson Rd
10
184
2
7
378 102
410 117
144
2
4.75
155 85
176 52
145
3
4.75
176 52
202 73
228 86
146
2
4.75
228 86
247 94
147
2
4.75
247 94
279 106
148
2
4.75
279 106
293 111
149
3
4.75
293 111
313 116
322 115
150
4
4.75
322 115
320 101
312 83
310 74
151
13
4.75
322 115
333 113
337 112
340 111
344 110
348 110
352 109
355 108
360 108
368 105
370 104
373 104
378 102
152
4
4.75
322 115
335 128
355 135
373 141